difficulty_entries=3,1,1,0,2,0;4,1,2,1,3,0;4,1,3,2,4,1;4,2,3,2,5,1;5,0,3,2,6,2;5,1,3,3,3,2;5,2,3,3,6,2;5,2,3,3,6,2;5,0,3,4,7,2;5,1,3,4,3,2;5,2,3,4,6,2;5,2,3,5,7,2;5,0,3,5,7,2;5,2,3,5,5,2;5,1,3,6,7,2;5,2,3,6,7,2;5,2,3,6,8,2;5,2,3,6,7,2;5,2,3,7,8,2;5,2,3,7,8,2;6,2,3,7,8,2
personal_dot_groups=20,30,70;0,30,60;0,0,50;0,0,0
elroy_dot_groups=20,10;30,15;40,20;50,25;60,30;80,40;100,50;120,60
frightened_timer_ticks=960,840,720,600,480,360,240,120,1
release_timer_frames=240,240,180
move_pattern_groups=0x552a552a,0x55555555,0x552a552a,0x524aa594,0x25252525,0x22222222,0x01010101;0x524aa594,0xaa2a5555,0x552a552a,0x524aa594,0x92242549,0x48242291,0x01010101;0x552a552a,0x55555555,0xaa2a5555,0x552a552a,0x524aa594,0x48242291,0x21444408;0x55555555,0xd56ad56a,0xaa6a55d5,0x55555555,0xaa2a5555,0x92249224,0x22222222;0xd56ad56a,0xd65aadb5,0xd65aadb5,0xd56ad56a,0xaa6a55d5,0x92242549,0x48242291;0x6d6d6d6d,0x6d6d6d6d,0xb66d6ddb,0x6d6d6d6d,0xd65aadb5,0x25252525,0x92249224;0xd56ad56a,0xd56ad56a,0xb66d6ddb,0x6d6d6d6d,0xd65aadb5,0x48242291,0x92249224
phase_change_frames=600,1800,2400,3600,4200,6000,6420;0,0,0,0,0,0,0;600,2100,2520,4020,4440,5640,5940;420,1620,2040,3240,3540,4740,5040;420,1620,2040,3240,3540,65534,65535;300,1500,1800,3000,3300,65534,65535;300,1500,1800,3000,3300,65534,65535
fruit_points=100,300,500,500,700,700,1000,1000,2000,2000,3000,3000,5000,5000,5000,5000,5000,5000,5000,5000,5000
fruit_reset_timer=138
fruit_release_dots=70,170
global_release_dots=7,17,32
